% Anomolies
%% ___________________________________________________________
q =

    2.8477  150.9003  -54.4143  -24.1413  306.9953


coords =

         0         0 -133.5200 -150.7800 -150.7800 -130.1900
         0         0   -6.6400   -7.5000   -7.5000   -6.4800
         0   63.0000  137.4100  289.4300  289.4300  354.2300


q =

    2.8495    2.8495
   29.4596   98.8315
   69.3719  -69.3719
  -26.4868   42.8851
         0         0


coords =

         0         0  -23.4600  109.5900  109.5900  130.1900
         0         0   -1.1700    5.4500    5.4500    6.4800
         0   63.0000  214.1900  289.4300  289.4300  354.2300


joint_angles =

    2.8495
   98.8315
  -69.3719
   42.8851
         0
         
%%

q =

  -68.6752  165.4150  -60.1630  -73.3313  342.4693


coords =

         0         0  -53.8500  -68.4800  -68.4800  -47.4900
         0         0  137.9300  175.4300  175.4300  121.6600
         0   63.0000  101.5300  249.1400  249.1400  285.0900


q =

  -68.6768  -68.6768
   19.4041  117.8292
   98.4252  -98.4252
  -85.9086   12.5166
         0         0


coords =

         0         0  -25.9700   26.5000   26.5000   47.4900
         0         0   66.5400  -67.8900  -67.8900 -121.6600
         0   63.0000  198.3000  249.1400  249.1400  285.0900


joint_angles =

  -68.6768
  117.8292
  -98.4252
   12.5166
         0